objval
181.33801289064007 
447.1321027295639 
